400,0.11880851106394877
800,0.14640681500735808
1200,0.18408570983316166
1600,0.19951269161101665
2000,0.15205610817691195
2400,0.24569425832101843
2800,0.191565129084629
3200,0.21773305444396102
3600,0.2576601871804451
4000,0.1592122021067189
4400,0.18138019116275245
4800,0.21675313352810918
5200,0.18950984083203365
5600,0.1846264649333898
6000,0.1928415668231901
6400,0.20951126975996887
6800,0.17676689434680157
7200,0.16894740688308957
7600,0.19282804947753904
8000,0.18699525878444548
8400,0.19714889095339458
8800,0.26437473270110784
9200,0.2171062530495692
9600,0.21621202299371362
10000,0.1427727725659497
10400,0.11595910901058232
10800,0.164466770865547
11200,0.22433433645259357
11600,0.19652199174568522
12000,0.19470156560942997
12400,0.18814575707918266
12800,0.18520106376679904
13200,0.19967723367299187
13600,0.16823896763671656
14000,0.18393483038496924
14400,0.26612436866067585
14800,0.17510764144273708
15200,0.18994869866466615
15600,0.1781509231898235
16000,0.22795807620394043
16400,0.16840610456332797
16800,0.19879294380749343
17200,0.12150713668961544
17600,0.15649266537628137
18000,0.20500307020745823
18400,0.16570870287774597
18800,0.23190258199174424
19200,0.16253502221923555
19600,0.1587636213458609
20000,0.19952770741045242
20400,0.19805488081736258
20800,0.20870811184096966
21200,0.24323226716776844
21600,0.19910629111225717
22000,0.26241908951313236
22400,0.1998530232475605
22800,0.1990985205100151
23200,0.15751790977781638
23600,0.16991869418881833
24000,0.2215416127210483
24400,0.1677581809007097
24800,0.14617049587657674
25200,0.16446171816263813
25600,0.24593407015432603
26000,0.1977946363389492
26400,0.183553007862065
26800,0.1721418199269101
27200,0.14009122826857492
27600,0.20630966436932796
28000,0.22923324414528906
28400,0.16084052267484367
28800,0.20962153239641337
29200,0.1547822613804601
29600,0.20008924131747335
30000,0.17868100702296943
30400,0.1497466645622626
30800,0.13786569016054273
31200,0.2145413899095729
31600,0.23016652902588247
32000,0.2130203312728554
32400,0.20793462973553686
32800,0.2877989974338561
33200,0.16129624012392013
33600,0.24183097125962377
34000,0.20856521458830685
34400,0.32642003992572427
34800,0.16148141025565566
35200,0.2494295417657122
35600,0.26813532234635207
36000,0.21332492247223855
36400,0.1687810401641764
36800,0.24333434305619447
37200,0.26644953711889685
37600,0.21499070135876536
38000,0.24029026984237134
38400,0.25421243951655925
38800,0.297059874907136
39200,0.27126863968092946
39600,0.2521481195371598
40000,0.2663738531712443
40400,0.3526010415982455
40800,0.3134887960273772
41200,0.2679060390684754
41600,0.2962199238827452
42000,0.22342614633962513
42400,0.26885656561236826
42800,0.29825850028544665
43200,0.3475398687366396
43600,0.24860688124783337
44000,0.3097320052329451
44400,0.2628631677851081
44800,0.22651471553370356
45200,0.2379469753941521
45600,0.2811850986536592
46000,0.2535814847610891
46400,0.24639740685466677
46800,0.29679495430551467
47200,0.4121978491265327
47600,0.288923104936257
48000,0.3328143369220197
48400,0.340908143222332
48800,0.21415004000999033
49200,0.2983588697947562
49600,0.3201418438088149
50000,0.278867309698835
50400,0.28362181945238263
50800,0.2719039712846279
51200,0.2042350507248193
51600,0.16951877694576978
52000,0.18746370209380983
52400,0.23565876231063157
52800,0.24505196200683713
53200,0.2394519795384258
53600,0.2350566922686994
54000,0.2619439228624105
54400,0.22217940379865467
54800,0.18663873119745403
55200,0.2665671072620899
55600,0.24128679391462357
56000,0.22234666132368147
56400,0.20873179290443658
56800,0.3066443620901555
57200,0.2540310653299093
57600,0.27053036509547385
58000,0.26683397983200846
58400,0.2422073241043836
58800,0.2920772192440927
59200,0.27214936291798947
59600,0.30222205554135145
60000,0.19950755198020487
60400,0.25042521582916377
60800,0.348184297317639
61200,0.2503052380634472
61600,0.3179184877127409
62000,0.2500307727046311
62400,0.23297418180853127
62800,0.21240511431358755
63200,0.244565317556262
63600,0.23604950645938516
64000,0.2762445235112682
64400,0.23418398073874414
64800,0.2658735847566277
65200,0.2799325229320675
65600,0.3106725511793047
66000,0.2911512385122478
66400,0.268140835352242
66800,0.17571261954959483
67200,0.1773711961740628
67600,0.21329260425176472
68000,0.28885576208122077
68400,0.24659742237068713
68800,0.30434038033010435
69200,0.2080256769666448
69600,0.17366959423292427
70000,0.37620294105261565
70400,0.23787330754101277
70800,0.292679508915171
71200,0.32114436249248685
71600,0.28972369944211096
72000,0.26206358372233807
72400,0.3123728224821389
72800,0.24344059830531478
73200,0.2444913457054645
73600,0.2398469828348607
74000,0.24517880730330943
74400,0.31189481254667045
74800,0.20440181507728994
75200,0.22068144675344228
75600,0.2660175346536562
76000,0.20449057516641914
76400,0.2187997991964221
76800,0.24013793617486953
77200,0.2259259328781627
77600,0.23461038151988758
78000,0.3283000205876306
78400,0.28293285027612003
78800,0.21789915456436573
79200,0.27022806394845245
79600,0.27273088404908774
80000,0.23903742720372975
80400,0.2631809736415744
80800,0.30479465243872256
81200,0.24983310491312294
81600,0.2507058026827872
82000,0.32022957731969653
82400,0.30653714809566734
82800,0.2813985243998468
83200,0.3206242765393108
83600,0.2878905279934406
84000,0.2627060324558988
84400,0.27604705962352455
84800,0.24457578238099814
85200,0.1855958266928792
85600,0.3580016746930778
86000,0.2670740326587111
86400,0.26374733842909337
86800,0.2971858855616301
87200,0.2448371421545744
87600,0.3239698481746018
88000,0.2593731607636437
88400,0.2269806009531021
88800,0.23233658792451023
89200,0.2292014324106276
89600,0.3276706725033
90000,0.3560794540029019
90400,0.2563082596287131
90800,0.3195392747782171
91200,0.3084129818622023
91600,0.25883706838358195
92000,0.22692846379708498
92400,0.22365404305281117
92800,0.17410036846529692
93200,0.26953382486943156
93600,0.2637817567912862
94000,0.27280512075405566
94400,0.27006340611726043
94800,0.2905959395179525
95200,0.3614545570500195
95600,0.29762167286127805
96000,0.32601844750344755
96400,0.3399527988303453
96800,0.2994216071255505
97200,0.3111454413831234
97600,0.2984231851156801
98000,0.3080534483725205
98400,0.2569639980653301
98800,0.33123007518704983
99200,0.3011799018830061
99600,0.3066349119786173
100000,0.18808240459300576
100400,0.3412698957230896
100800,0.3587629691231996
101200,0.2334183403197676
101600,0.3177762175258249
102000,0.22506916100159288
102400,0.29227561006322506
102800,0.21721710407175124
103200,0.3043535409262404
103600,0.2047463286947459
104000,0.21048293138854204
104400,0.26146573676727713
104800,0.2808014178927988
105200,0.274603685955517
105600,0.18321560881566257
106000,0.28900094295851886
106400,0.23029173105955125
106800,0.3057168726902455
107200,0.30698397391475735
107600,0.31062984053976833
108000,0.25579575665295123
108400,0.2714831795636565
108800,0.20187031359411775
109200,0.33592811977490783
109600,0.24886601466685535
110000,0.28477381946053354
110400,0.21273193820845335
110800,0.2069263740396127
111200,0.2635312642343342
111600,0.26583043062128126
112000,0.22534717731177806
112400,0.2593097586417571
112800,0.23948969029355793
113200,0.21530018949881197
113600,0.3012457335926592
114000,0.28016115351580084
114400,0.314043824961409
114800,0.20028168506920338
115200,0.24538175982888788
115600,0.32154936936683953
116000,0.2863222717680037
116400,0.2750766370818019
116800,0.32145596666261556
117200,0.30886103163007644
117600,0.27379276605322955
118000,0.2379969922779128
118400,0.3094328757934272
118800,0.3039855730719864
119200,0.32865036465227604
119600,0.37840479450765996
120000,0.24054144509136677
120400,0.3219046474853531
120800,0.16851211674511432
121200,0.28129487432539463
121600,0.28728130475617947
122000,0.31944792995229365
122400,0.33364823535084726
122800,0.3261773086339235
123200,0.231736018974334
123600,0.28318710618652404
124000,0.2938498829025775
124400,0.2744767744280398
124800,0.251874598832801
125200,0.20762761214748024
125600,0.2269835208915174
126000,0.37477169362828133
126400,0.25711184193380177
126800,0.32260778846219185
127200,0.32811565341427923
127600,0.2835970009304583
128000,0.26341801694594325
128400,0.30255510404706
128800,0.2382908359915018
129200,0.2355801200773567
129600,0.3094452670123428
130000,0.25233128366991875
130400,0.2528302635299042
130800,0.365532180191949
131200,0.29783754342235624
131600,0.38219130409881474
132000,0.2719872384238988
132400,0.2705939434841275
132800,0.3289415264222771
133200,0.24840122867375614
133600,0.2514675053395331
134000,0.2590626102127135
134400,0.2922321051359177
134800,0.26884034597314893
135200,0.2322561064362526
135600,0.23925649638287724
136000,0.20767636285629124
136400,0.25560773035045714
136800,0.23837265054695309
137200,0.24385280231013895
137600,0.23013035944662988
138000,0.29017249432392417
138400,0.2776435399753973
138800,0.1747347524622455
139200,0.28119081088341774
139600,0.20591441008262337
140000,0.35276436833664776
140400,0.2822686589322984
140800,0.23894613994285463
141200,0.3308859479147941
141600,0.3293671871349215
142000,0.26870318424422296
142400,0.29863983957096935
142800,0.34361739401705566
143200,0.26196797953918577
143600,0.31387298262678087
144000,0.33667582320049405
144400,0.3163405423704535
144800,0.30655425048433244
145200,0.33160252462141215
145600,0.28017548088915645
146000,0.28779100864194335
146400,0.3499157585203648
146800,0.32769538966007533
147200,0.3394111692067236
147600,0.3014043957367539
148000,0.29732715172693136
148400,0.3288499215245247
148800,0.2504227270372212
149200,0.24896963090635837
149600,0.20894194228574633
150000,0.27719459796324375
150400,0.29631325157824906
150800,0.26860076090320945
151200,0.23384173719212412
151600,0.29522585961036385
152000,0.21107239592820407
152400,0.1785973027953878
152800,0.2911681257374585
153200,0.26070889104157685
153600,0.2780928495060653
154000,0.20609474464319646
154400,0.28754530001431705
154800,0.2714345115609467
155200,0.2873508192040026
155600,0.24027824484743177
156000,0.2487905751541257
156400,0.3398792495764792
156800,0.2940657261293381
157200,0.32799650153145193
157600,0.34944323932752014
158000,0.25223817167803647
158400,0.20582037180662155
158800,0.25613623291254045
159200,0.2159922954533249
159600,0.20114225848577916
160000,0.28515313947573306
160400,0.27664161143824456
160800,0.24645405873190612
161200,0.21424483558628707
161600,0.20978908196790144
162000,0.29991461501922456
162400,0.2962937133247033
162800,0.25209575190208855
163200,0.19092808661982416
163600,0.26130002482794223
164000,0.31791343263350424
164400,0.27690653306432067
164800,0.3389320242591202
165200,0.32550135495141147
165600,0.3128115704935044
166000,0.3607318952027708
166400,0.2875464654620737
166800,0.37440042216330766
167200,0.21595079766586422
167600,0.2559946802444756
168000,0.3429621476959437
168400,0.30287113261409104
168800,0.28802345775067806
169200,0.22868890211451798
169600,0.2640038298349828
170000,0.3477396445069462
170400,0.22080378987826407
170800,0.27714812034741043
171200,0.2808390551246703
171600,0.28733033280819653
172000,0.27196806399151685
172400,0.2667156231310219
172800,0.36152480510063467
173200,0.2871633174875751
173600,0.3186706399172545
174000,0.23580675655044614
174400,0.30530753845348957
174800,0.19551018581725657
175200,0.29958765449002384
175600,0.31690900546964257
176000,0.36234852399677037
176400,0.2774884200282395
176800,0.2719877277407795
177200,0.2972857532929629
177600,0.28634560799226166
178000,0.27159020585939286
178400,0.17080144627951085
178800,0.3005821900535375
179200,0.3567107621859759
179600,0.37439406307414175
180000,0.30744667460210623
180400,0.3232949949987233
180800,0.3790745205571875
181200,0.2795692186057568
181600,0.33869176510721444
182000,0.2315600184444338
182400,0.24318357417359948
182800,0.2312834717705846
183200,0.2596099618449807
183600,0.29535736340098084
184000,0.2568994617648423
184400,0.23522219061851501
184800,0.23624141209758817
185200,0.284142427444458
185600,0.3417481589037925
186000,0.31886701211333274
186400,0.2919108864478767
186800,0.2912697317358106
187200,0.30030127278529106
187600,0.24445424639619887
188000,0.3267662645783275
188400,0.24350638859905302
188800,0.16185821436811237
189200,0.2600614213012159
189600,0.3159376821387559
190000,0.3149932770244777
190400,0.27122552775777875
190800,0.2970305711217225
191200,0.24006419798824935
191600,0.3290661943983287
192000,0.27202747208066286
192400,0.2622631580522284
192800,0.2417440431751311
193200,0.28148465569131076
193600,0.33565256379544733
194000,0.27759644370526076
194400,0.3346133802458644
194800,0.300656008226797
195200,0.3027112580742687
195600,0.3034458339959383
196000,0.2680625227559358
196400,0.2565053690969944
196800,0.4067750906199217
197200,0.3024927435442805
197600,0.2942541305627674
198000,0.25129005605354904
198400,0.23492125167511405
198800,0.22553504755720497
199200,0.3724453545268625
199600,0.2358434024779126
200000,0.2443889977829531
200400,0.3525294959824532
200800,0.24975780195556582
201200,0.34139666323550044
201600,0.32174575741868466
202000,0.2642020665528253
202400,0.26979634947143494
202800,0.2663364906050265
203200,0.2234530861489475
203600,0.3056961585022509
204000,0.21987192827742547
204400,0.27880373592488467
204800,0.20471362776588647
205200,0.20013708017300813
205600,0.2370983636472374
206000,0.18228573917411267
206400,0.24977268577553333
206800,0.32404261216521263
207200,0.26674230265431104
207600,0.2770354871079326
208000,0.22240978266112507
208400,0.27629305437207224
208800,0.42090640757232906
209200,0.21541591929271817
209600,0.3343276204355061
210000,0.3254882176686078
210400,0.317168790102005
210800,0.26159739086404443
211200,0.3521723683178425
211600,0.23760828600265085
212000,0.21250417068600655
212400,0.20673198896227404
212800,0.2735828901734203
213200,0.2533855728711933
213600,0.31780628903303293
214000,0.2858715619333088
214400,0.24755566775333138
214800,0.25623338675126434
215200,0.2744680116698146
215600,0.24571048766374587
216000,0.2143120172061026
216400,0.2567407187074423
216800,0.23936467722058297
217200,0.3467682309448719
217600,0.26977688050828874
218000,0.19825083586387338
218400,0.26969471024349334
218800,0.25961257168557494
219200,0.2864533498696983
219600,0.28254351342096923
220000,0.23753431933000685
220400,0.2421284341905266
220800,0.28892170938663186
221200,0.31058387908153234
221600,0.28935688477475197
222000,0.25266156348399815
222400,0.23476113655604422
222800,0.23529489173553883
223200,0.2222428635507822
223600,0.30144030761905016
224000,0.28039150233380494
224400,0.28670252521522344
224800,0.30140627685934307
225200,0.21093257626518608
225600,0.15973175185732544
226000,0.23224543807096779
226400,0.23880817904137075
226800,0.24907426011748612
227200,0.2138296994380653
227600,0.2795149608515203
228000,0.25593063740059735
228400,0.2665665921429172
228800,0.2750580758973956
229200,0.23388140741735697
229600,0.32162623954936864
230000,0.27061951721087096
230400,0.30319875502958893
230800,0.26641752089373766
231200,0.3260555142909288
231600,0.26789760394953194
232000,0.25653756512328985
232400,0.28227354227565227
232800,0.33748152628540995
233200,0.2776245979778469
233600,0.27648737529292705
234000,0.3033353275619447
234400,0.34362154609523715
234800,0.2443597289081663
235200,0.25595730131492017
235600,0.28530892996117474
236000,0.29215742425061764
236400,0.30277958563528956
236800,0.39596789647825065
237200,0.2972317688632756
237600,0.3273328748717904
238000,0.3289390549249947
238400,0.2840829494129866
238800,0.2709408297110349
239200,0.3017072226945311
239600,0.30535100095905365
240000,0.25431320236995814
240400,0.22778885963372886
240800,0.27262809210456906
241200,0.3269314409792423
241600,0.3355581190809607
242000,0.2671417964063585
242400,0.3408805980999023
242800,0.23675014928914606
243200,0.22723740990273655
243600,0.25328871175646783
244000,0.34252149851992725
244400,0.3359238250553608
244800,0.3288406169787049
245200,0.27904336222447457
245600,0.31658054133411495
246000,0.295015371683985
246400,0.3260528162121773
246800,0.3625900651887059
247200,0.31098766774870457
247600,0.335236515654251
248000,0.2859476081095636
248400,0.31298660637810827
248800,0.3597258549742401
249200,0.30959959151223304
249600,0.289690743740648
250000,0.2857564750313759
250400,0.37962371146306395
250800,0.1922590405959636
251200,0.2912064591888338
251600,0.2688098447956145
252000,0.229132920820266
252400,0.2615021704649553
252800,0.2894911324512213
253200,0.34600928510539236
253600,0.21853044332936405
254000,0.24457228959538044
254400,0.280281926933676
254800,0.26268897807225583
255200,0.2479250889318064
255600,0.23390438752248882
256000,0.1961505286023021
256400,0.28515466538257894
256800,0.23777547856792808
257200,0.26090645492076875
257600,0.18478726251982153
258000,0.3227651990391314
258400,0.2189814733620733
258800,0.2620597360562533
259200,0.3003807107266039
259600,0.2500982405152172
260000,0.21456982327625154
260400,0.341221108562313
260800,0.33431506445631387
261200,0.2628175256494433
261600,0.23394780384376646
262000,0.26387025682255627
262400,0.25297079600393774
262800,0.16693427143618464
263200,0.3163977314904332
263600,0.30750973731279374
264000,0.29110167825594546
264400,0.3347783759701997
264800,0.23337566184811295
265200,0.3772123251389712
265600,0.24413134477101267
266000,0.2602010679710656
266400,0.36195016938261687
266800,0.30926281574182213
267200,0.23852940700948239
267600,0.28534846843220296
268000,0.20734717624261975
268400,0.30161508137825876
268800,0.28706942157819865
269200,0.23869465420022606
269600,0.24040894927456974
270000,0.3090279251895845
270400,0.2487583673465997
270800,0.2800760279688984
271200,0.34356578966602686
271600,0.23655392611399292
272000,0.23004139631986617
272400,0.34146075452677904
272800,0.3262205474358052
273200,0.23677478942554445
273600,0.26018699336796997
274000,0.36177018703892827
274400,0.26155051426030695
274800,0.3262122011184692
275200,0.22418806035071612
275600,0.270247165299952
276000,0.2058001272752881
276400,0.21999591074883937
276800,0.36702254755422475
277200,0.3745455172471702
277600,0.24824760323390366
278000,0.2575228103250265
278400,0.34597987212240694
278800,0.25611515890806913
279200,0.35246291749179365
279600,0.25412004557438195
280000,0.34849946889095007
280400,0.1889035332389176
280800,0.30355711246840655
281200,0.2388127586711198
281600,0.26376426173374057
282000,0.21233926215209067
282400,0.3077106615481898
282800,0.2163249528594315
283200,0.29919247783720493
283600,0.20418749089818447
284000,0.26805908754467966
284400,0.20839190154336393
284800,0.35454457078129054
285200,0.27360639519523827
285600,0.2785978698451072
286000,0.258897457299754
286400,0.23721710250712932
286800,0.25832258122973145
287200,0.35291821182705463
287600,0.30174444141797724
288000,0.1997136856149882
288400,0.27933958638459444
288800,0.22182042442262173
289200,0.35335989247076216
289600,0.2737355360016227
290000,0.38069531237706544
290400,0.23430164890363814
290800,0.3185355003643781
291200,0.28418012998998166
291600,0.28793693624436856
292000,0.2563536881748587
292400,0.20953806338831782
292800,0.2900077704433352
293200,0.19552899176254868
293600,0.3389874467998743
294000,0.27666839718818664
294400,0.2175275269523263
294800,0.2313945665489882
295200,0.2699796562455595
295600,0.3061524121835828
296000,0.2399398909136653
296400,0.2246095585729927
296800,0.2776100476505235
297200,0.28399879779666665
297600,0.2286281422432512
298000,0.23405628222972155
298400,0.2808804697729647
298800,0.24697180191986262
299200,0.18652270429767667
299600,0.28169992291368545
300000,0.283701458950527
300400,0.23529751614667474
300800,0.23351084714289755
301200,0.2825372399576008
301600,0.23697685775347055
302000,0.29255801904015244
302400,0.3197669861186296
302800,0.21388169524259865
303200,0.37765287520363927
303600,0.2441943336930126
304000,0.2757397024706006
304400,0.30112219581380484
304800,0.24347616403363645
305200,0.2859727780614048
305600,0.31105119436513634
306000,0.2720963983330876
306400,0.24027728269807994
306800,0.1997168990643695
307200,0.31694455510936675
307600,0.282405258724466
308000,0.25762025157921015
308400,0.2713191512878984
308800,0.2362647824548185
309200,0.2595085897576064
309600,0.2583480210695416
310000,0.23856203134171663
310400,0.26602977501228453
310800,0.24752236034721137
311200,0.25726926332339645
311600,0.2350204566027969
312000,0.22810398692265152
312400,0.29658197463024405
312800,0.27597822337411343
313200,0.32070953299757093
313600,0.27645657246932387
314000,0.20158389496617019
314400,0.1592542216461152
314800,0.2383927259873599
315200,0.2734288237337023
315600,0.2914766851440072
316000,0.2850011414475739
316400,0.30009142267517747
316800,0.2664868797548115
317200,0.28432637712918224
317600,0.18594592509791255
318000,0.22994634640868752
318400,0.24926835214719176
318800,0.20813847377896308
319200,0.2479620062559843
319600,0.2714967551873997
320000,0.21904350369237363
320400,0.1972395906690508
320800,0.3457450155075639
321200,0.31132774432189764
321600,0.23099548818543553
322000,0.2854398622922599
322400,0.3010772028937936
322800,0.3870167829003185
323200,0.2933573231473565
323600,0.2340675302501768
324000,0.27114917915314435
324400,0.21924185888376088
324800,0.2953423913381994
325200,0.2702342744264752
325600,0.2541289968881756
326000,0.22174922218546272
326400,0.3086101774685085
326800,0.2630327560985461
327200,0.2588513891398907
327600,0.22422049451153725
328000,0.3219146844092757
328400,0.23940136520192026
328800,0.263873586114496
329200,0.21023622159380465
329600,0.17555422557517886
330000,0.3228216810338199
330400,0.3232767394557595
330800,0.3042659687716514
331200,0.26325356584973636
331600,0.2791554104629904
332000,0.23346006485633553
332400,0.2058470071107149
332800,0.18579239152837546
333200,0.2240594100393355
333600,0.26168227690272033
334000,0.29408391575329007
334400,0.254123672535643
334800,0.27684084500186146
335200,0.2958398923650384
335600,0.16166926262900233
336000,0.29828030955977736
336400,0.2699094215314835
336800,0.24896959128789603
337200,0.274421328054741
337600,0.2510908150300384
338000,0.24291623747907579
338400,0.26547459460794925
338800,0.26491138149984184
339200,0.17903893603011967
339600,0.17726155761629342
340000,0.2120972884632647
340400,0.2751875207060948
340800,0.16338905619457364
341200,0.2517816112563014
341600,0.2814099863823503
342000,0.2411898490972817
342400,0.25701679768972097
342800,0.23438481961376964
343200,0.23174452140927315
343600,0.23037436532322317
344000,0.3003749288339168
344400,0.31971621518954635
344800,0.2956664352118969
345200,0.3103436713293195
345600,0.13801523766480386
346000,0.19921880235895514
346400,0.23553287654183805
346800,0.20698134697042406
347200,0.21023159567266703
347600,0.24187391634099187
348000,0.21331468485295774
348400,0.22844206726178526
348800,0.20686036799103022
349200,0.20747062639333308
349600,0.2314589785784483
350000,0.17598013347014785
350400,0.2806172506697476
350800,0.19204774305224417
351200,0.21611955123022197
351600,0.15938619517721236
352000,0.25139667991548775
352400,0.27705912360921503
352800,0.24949053946882485
353200,0.20795743419788779
353600,0.2505494502000511
354000,0.2531929250014946
354400,0.35679668762721123
354800,0.24084364413283765
355200,0.2087416306976229
355600,0.235325780576095
356000,0.23679306658916174
356400,0.29622748211957517
356800,0.23413854687009006
357200,0.2128061696793884
357600,0.3176756583433598
358000,0.2882819426059723
358400,0.27491742321290075
358800,0.22746939302422106
359200,0.19182004931382834
359600,0.2441655149217695
360000,0.24543277457356452
360400,0.2794146125391126
360800,0.2832025017682463
361200,0.23820615506730974
361600,0.2532067538332194
362000,0.19183394309133292
362400,0.24366624845191837
362800,0.24621130128391086
363200,0.2738807137683034
363600,0.25763143406249583
364000,0.2590164327900857
364400,0.20318172401282936
364800,0.22903923293575645
365200,0.23708486882969737
365600,0.2885739011131227
366000,0.2633234796114266
366400,0.157580447178334
366800,0.3327423265203834
367200,0.2089521309826523
367600,0.19228068200871348
368000,0.3015468002203852
368400,0.222680651769042
368800,0.27494300220161677
369200,0.1810449304059148
369600,0.29246160917915404
370000,0.22821261003613472
370400,0.19877685486339033
370800,0.23799057808704674
371200,0.30216838654130695
371600,0.20510469336993992
372000,0.2571194428112358
372400,0.24861989850178362
372800,0.23816533170174808
373200,0.24099444932304323
373600,0.2004621096793562
374000,0.2619131310191005
374400,0.22869411642663182
374800,0.23706059472635388
375200,0.2089031428191811
375600,0.28533326013945043
376000,0.20577031452674419
376400,0.2308084468357265
376800,0.2046499654231593
377200,0.2445560267288238
377600,0.26759076561778783
378000,0.2162958750873804
378400,0.34569163772277534
378800,0.28820663763210175
379200,0.24486893544904886
379600,0.22729550040327012
380000,0.23666943721473216
380400,0.30722787607461216
380800,0.20866945515852423
381200,0.23193437247537077
381600,0.1832513900473714
382000,0.22105012088082732
382400,0.22879541718401014
382800,0.1301131817372516
383200,0.25116015756502746
383600,0.2551522137783468
384000,0.25030912809073924
384400,0.23127067567780613
384800,0.21178358011879028
385200,0.3022786817792803
385600,0.16832173907198011
386000,0.22879410343244672
386400,0.24737461445853115
386800,0.2146875727176666
387200,0.25113614635542036
387600,0.21284171697683632
388000,0.21356285532936453
388400,0.2991112999990582
388800,0.17902150769717992
389200,0.21028282521292568
389600,0.25152092290110883
390000,0.24307310793548823
390400,0.2558818664867431
390800,0.21308368554338813
391200,0.15398147872649134
391600,0.25642812401987614
392000,0.1962884164880961
392400,0.21542406298220157
392800,0.21603145950473845
393200,0.27549652312882245
393600,0.22816033264156432
394000,0.22738511936739086
394400,0.2146011779177934
394800,0.18298364946618675
395200,0.23737092781811953
395600,0.2478943128604442
396000,0.24491482107900084
396400,0.329705216307193
396800,0.209952626619488
397200,0.21421128941699863
397600,0.20444193712435663
398000,0.2621513800136745
398400,0.2750783553905785
398800,0.16817376382648944
399200,0.26056725380942225
399600,0.30027628792449834
400000,0.32064633331261577
400400,0.3144023954868317
400800,0.2717045599222183
401200,0.29356457154266535
401600,0.21833104519173502
402000,0.21268696194514633
402400,0.22015993477776646
402800,0.23474762455560266
403200,0.19978668621741236
403600,0.2724356598313898
404000,0.16546475768089294
404400,0.21874273653142154
404800,0.17511199796572327
405200,0.23963351387530565
405600,0.2705373397096992
406000,0.13235340144485236
406400,0.201693198364228
406800,0.1771127862110734
407200,0.2244292104244232
407600,0.23415464841760694
408000,0.25585377764888106
408400,0.20917105006985368
408800,0.2680204090755433
409200,0.1411972785554826
409600,0.29033313484862444
410000,0.11498355771414935
410400,0.18216989298351108
410800,0.22550340899266302
411200,0.27136977433227005
411600,0.17663424430415034
412000,0.23993376079946757
412400,0.19632371386513114
412800,0.2972606168314815
413200,0.2371056423895061
413600,0.15967006116174162
414000,0.23597338136285542
414400,0.31520910054445267
414800,0.2580053281132132
415200,0.21811981009319426
415600,0.2614669007435441
416000,0.19470920268446207
416400,0.1891954859904945
416800,0.2554642848204821
417200,0.2610361203178763
417600,0.23454263581894338
418000,0.24224617351777852
418400,0.21495253150351346
418800,0.235683007882908
419200,0.23617936023510994
419600,0.2534975396748632
420000,0.25562563091516494
420400,0.2391610159724951
420800,0.2388323484826833
421200,0.22036388584878297
421600,0.14611368448473513
422000,0.19713036610744894
422400,0.1836561647243798
422800,0.14771900190040468
423200,0.20888848757371306
423600,0.20683112453669308
424000,0.16294455664232374
424400,0.24597169185057283
424800,0.19905526541173457
425200,0.226191896693781
425600,0.1461688402481377
426000,0.33360175718553364
426400,0.18498448197729886
426800,0.2250366329215467
427200,0.18630465300753712
427600,0.21281327847391368
428000,0.2715400179289281
428400,0.16043164648115635
428800,0.15419453957118093
429200,0.24823198515456169
429600,0.2471353511977941
430000,0.13945391312241553
430400,0.1614886891655624
430800,0.21917142593767494
431200,0.19299266421236097
431600,0.23852405747398733
432000,0.26244561292231083
432400,0.17815190457738936
432800,0.24075483930297195
433200,0.14947505456395446
433600,0.23170631930232047
434000,0.2845974182896316
434400,0.1485643104556948
434800,0.22229721216484905
435200,0.25067584834992884
435600,0.2505503126885742
436000,0.15378462176769972
436400,0.20532123319804668
436800,0.237119743777439
437200,0.26411085795611144
437600,0.2294663902372122
438000,0.25779925391077996
438400,0.24846355791203678
438800,0.21056874356232583
439200,0.19921030796132982
439600,0.18021221502684057
440000,0.2652119424659759
440400,0.18256904570385812
440800,0.21951094057410955
441200,0.12861312857829035
441600,0.16502777855843306
442000,0.16328423695638775
442400,0.2048401149921119
442800,0.2762118363752961
443200,0.22950438290834427
443600,0.19261564265936612
444000,0.24591189204715191
444400,0.259723748145625
444800,0.262742762635462
445200,0.1944758977741003
445600,0.19889719369821252
446000,0.23806298283860086
446400,0.1908404770679772
446800,0.11886939173564315
447200,0.22892756908200682
447600,0.21280785142444075
448000,0.20589592742733656
448400,0.23551731125451625
448800,0.2065696988394484
449200,0.2753810204565525
449600,0.2907204659190029
450000,0.2265739024989307
450400,0.2527803320158273
450800,0.21487887043040246
451200,0.18214489858597516
451600,0.21260674241930247
452000,0.21272416170686484
452400,0.19575758004561067
452800,0.26700621836818755
453200,0.2076408569701016
453600,0.2352976034861058
454000,0.24750229593366385
454400,0.205439721965231
454800,0.17227363700978457
455200,0.2134607824869454
455600,0.26986860669218005
456000,0.25958240662701426
456400,0.19241407627239823
456800,0.19002592738252133
457200,0.27823122140020135
457600,0.23070036908611655
458000,0.21208482539281248
458400,0.2839070201572031
458800,0.2671245440142229
459200,0.26878664483316245
459600,0.18505909745581448
460000,0.24927426975686104
460400,0.22160861796233802
460800,0.15870293732732535
461200,0.19490208559669553
461600,0.1948545800615102
462000,0.2103112636320293
462400,0.2341632702294737
462800,0.2876055853720754
463200,0.24720968165434898
463600,0.2182032832503319
464000,0.08643855282571167
464400,0.1785923985298723
464800,0.16745611514896155
465200,0.1902865257486701
465600,0.2519342228770256
466000,0.21405661262571812
466400,0.21490811666473747
466800,0.16737747356295585
467200,0.2114749099779874
467600,0.25408719895407555
468000,0.18507268524728715
468400,0.22897302544675768
468800,0.2055505562061444
469200,0.21252178953029216
469600,0.18839025226421655
470000,0.14100758756510914
470400,0.22680308083072304
470800,0.2773543037753552
471200,0.19886166024953128
471600,0.2694567213114351
472000,0.23115930444560945
472400,0.17474337002262474
472800,0.19967558275908232
473200,0.24737586877308787
473600,0.1957901988271624
474000,0.20330587085336446
474400,0.123026999020949
474800,0.1601188397873193
475200,0.23230043686926366
475600,0.1656637082528323
476000,0.2191456986963749
476400,0.183765905238688
476800,0.21286625278182328
477200,0.2846449170773849
477600,0.20746611590497196
478000,0.18789669631049036
478400,0.20452598965726793
478800,0.2412316939327866
479200,0.1803480284754187
479600,0.21523298144340516
